100 27 -9.4440 96.2360 0.00000500 0.00000500
104 27 18.9190 -81.8190 0.00000500 0.00000500
105 27 90.2890 -91.0490 0.00000500 0.00000500
201 27 44.6810 7.4830 0.00000500 0.00000500
400 27 60.4990 83.1240 0.00000500 0.00000500
401 27 63.3540 83.1240 0.00000500 0.00000500
402 27 68.4110 83.1230 0.00000500 0.00000500
403 27 71.2550 83.1230 0.00000500 0.00000500
404 27 61.6170 82.0290 0.00000500 0.00000500
405 27 64.4610 82.0290 0.00000500 0.00000500
406 27 67.3050 82.0170 0.00000500 0.00000500
407 27 70.1610 82.0280 0.00000500 0.00000500
408 27 61.6170 79.4820 0.00000500 0.00000500
409 27 64.4610 79.4820 0.00000500 0.00000500
410 27 67.3170 79.4700 0.00000500 0.00000500
411 27 70.1610 79.4700 0.00000500 0.00000500
412 27 60.5220 78.3880 0.00000500 0.00000500
413 27 63.3660 78.3750 0.00000500 0.00000500
414 27 68.4230 78.3750 0.00000500 0.00000500
415 27 71.2670 78.3750 0.00000500 0.00000500
100 28 -105.3780 98.7560 0.00000500 0.00000500
104 28 -72.5390 -79.7860 0.00000500 0.00000500
105 28 -1.4050 -86.9410 0.00000500 0.00000500
201 28 -48.7860 10.1650 0.00000500 0.00000500
400 28 -34.4090 87.6480 0.00000500 0.00000500
401 28 -31.5170 87.7450 0.00000500 0.00000500
402 28 -26.4010 87.9150 0.00000500 0.00000500
403 28 -23.5210 88.0000 0.00000500 0.00000500
404 28 -33.2540 86.5540 0.00000500 0.00000500
405 28 -30.3740 86.6510 0.00000500 0.00000500
406 28 -27.4940 86.7480 0.00000500 0.00000500
407 28 -24.6030 86.8450 0.00000500 0.00000500
408 28 -33.1930 83.9480 0.00000500 0.00000500
409 28 -30.3130 84.0330 0.00000500 0.00000500
410 28 -27.4330 84.1300 0.00000500 0.00000500
411 28 -24.5410 84.2150 0.00000500 0.00000500
412 28 -34.2750 82.7930 0.00000500 0.00000500
413 28 -31.3950 82.8780 0.00000500 0.00000500
414 28 -26.2780 83.0360 0.00000500 0.00000500
415 28 -23.3980 83.1210 0.00000500 0.00000500
