400 -333.0000 -332.0000 1092.0000
401 -333.0000 -318.0000 1092.0000
402 -333.0000 -293.0000 1092.0000
403 -333.0000 -279.0000 1092.0000
404 -327.0000 -327.0000 1092.0000
405 -327.0000 -312.0000 1092.0000
406 -327.0000 -298.0000 1092.0000
407 -327.0000 -284.0000 1092.0000
408 -314.0000 -327.0000 1092.0000
409 -314.0000 -313.0000 1092.0000
410 -314.0000 -298.0000 1092.0000
411 -314.0000 -284.0000 1092.0000
412 -309.0000 -332.0000 1092.0000
413 -309.0000 -318.0000 1092.0000
414 -309.0000 -293.0000 1092.0000
415 -309.0000 -279.0000 1092.0000
